  double point
    m1_drysl_n     3.660968634626803         1.000000         0.000000    
    m1_drysl_p    0.3055005511132562         1.000000         0.000000    
    m2_drysl_n     4.856279057627904         1.000000         0.000000    
    m2_drysl_p    0.2129798840757898         1.000000         0.000000    
    m3_drysl_n     3.535301703470398         1.000000         0.000000    
    m3_drysl_p    0.3875874080667167         1.000000         0.000000    
    m4_drysl_n     2.905213595185423         1.000000         0.000000    
    m4_drysl_p    0.3488543850934419         1.000000         0.000000    
    m5_drysl_n     7.000000000000000         1.000000         0.000000    
    m5_drysl_p    0.3471186485067746         1.000000         0.000000    
    m6_drysl_n     5.689427845939264         1.000000         0.000000    
    m6_drysl_p    0.2757823647177650         1.000000         0.000000    
    m7_drysl_n     6.866254319941156         1.000000         0.000000    
    m7_drysl_p    0.3743586232204278         1.000000         0.000000    
    m8_drysl_n     2.500000000000000         1.000000         0.000000    
    m8_drysl_p    0.4998543955633820         1.000000         0.000000    
    m9_drysl_n     3.470464463209680         1.000000         0.000000    
    m9_drysl_p    0.2593441300774284         1.000000         0.000000    
   m10_drysl_n     4.323781709519303         1.000000         0.000000    
   m10_drysl_p    0.1704475819587496         1.000000         0.000000    
   m11_drysl_n     3.086264879273956         1.000000         0.000000    
   m11_drysl_p    0.1867975765300896         1.000000         0.000000    
   m12_drysl_n     3.533274550321295         1.000000         0.000000    
   m12_drysl_p    0.4236333013376215         1.000000         0.000000    
    m1_wetsl_n     4.095608720937964         1.000000         0.000000    
    m1_wetsl_p    0.5227390389074000         1.000000         0.000000    
    m2_wetsl_n     2.243189916912342         1.000000         0.000000    
    m2_wetsl_p    0.6328833347142652         1.000000         0.000000    
    m3_wetsl_n     1.632792005286702         1.000000         0.000000    
    m3_wetsl_p    0.4146813255356567         1.000000         0.000000    
    m4_wetsl_n     2.686756165781256         1.000000         0.000000    
    m4_wetsl_p    0.5326353696338476         1.000000         0.000000    
    m5_wetsl_n     3.286206619800326         1.000000         0.000000    
    m5_wetsl_p    0.5592297578570866         1.000000         0.000000    
    m6_wetsl_n     3.130354035724537         1.000000         0.000000    
    m6_wetsl_p    0.3451462768431081         1.000000         0.000000    
    m7_wetsl_n     2.008056289817039         1.000000         0.000000    
    m7_wetsl_p    0.4387512683979456         1.000000         0.000000    
    m8_wetsl_n     1.763207760300168         1.000000         0.000000    
    m8_wetsl_p    0.5696746231399098         1.000000         0.000000    
    m9_wetsl_n     2.369851093899703         1.000000         0.000000    
    m9_wetsl_p    0.3196537521222381         1.000000         0.000000    
   m10_wetsl_n     2.381421524364639         1.000000         0.000000    
   m10_wetsl_p    0.4967679854744034         1.000000         0.000000    
   m11_wetsl_n     2.083573850820737         1.000000         0.000000    
   m11_wetsl_p    0.6617344133870866         1.000000         0.000000    
   m12_wetsl_n     2.374313466183517         1.000000         0.000000    
   m12_wetsl_p    0.6707624131055924         1.000000         0.000000    
     m1_pdep_a    0.8401198990230728         1.000000         0.000000    
     m1_pdep_c     1.317937749948389         1.000000         0.000000    
   m1_pdep_sca     5.950352331028966         1.000000         0.000000    
     m2_pdep_a     1.056991868394011         1.000000         0.000000    
     m2_pdep_c     1.386146155764584         1.000000         0.000000    
   m2_pdep_sca     6.248014647638680         1.000000         0.000000    
     m3_pdep_a     1.196042616203949         1.000000         0.000000    
     m3_pdep_c     1.279582719687589         1.000000         0.000000    
   m3_pdep_sca     9.535340239780200         1.000000         0.000000    
     m4_pdep_a     1.151557742447307         1.000000         0.000000    
     m4_pdep_c     1.170162487770808         1.000000         0.000000    
   m4_pdep_sca     7.513745605189602         1.000000         0.000000    
     m5_pdep_a     1.235868749899750         1.000000         0.000000    
     m5_pdep_c     1.575838527983337         1.000000         0.000000    
   m5_pdep_sca     8.048172112091728         1.000000         0.000000    
     m6_pdep_a     1.561088409295203         1.000000         0.000000    
     m6_pdep_c     1.302547888277808         1.000000         0.000000    
   m6_pdep_sca     11.68625327465791         1.000000         0.000000    
     m7_pdep_a     1.033057838143965         1.000000         0.000000    
     m7_pdep_c     1.506175957751737         1.000000         0.000000    
   m7_pdep_sca     10.20516363488046         1.000000         0.000000    
     m8_pdep_a    0.8782542424358696         1.000000         0.000000    
     m8_pdep_c     1.594838076729760         1.000000         0.000000    
   m8_pdep_sca     9.128593378435634         1.000000         0.000000    
     m9_pdep_a     1.114387459184582         1.000000         0.000000    
     m9_pdep_c     1.357923406019448         1.000000         0.000000    
   m9_pdep_sca     11.01022080293756         1.000000         0.000000    
    m10_pdep_a     1.600000000000000         1.000000         0.000000    
    m10_pdep_c     1.214017537991835         1.000000         0.000000    
  m10_pdep_sca     10.00000000000000         1.000000         0.000000    
    m11_pdep_a    0.8135770381829656         1.000000         0.000000    
    m11_pdep_c     1.370657854690028         1.000000         0.000000    
  m11_pdep_sca     7.261576287128090         1.000000         0.000000    
    m12_pdep_a    0.7996564264148284         1.000000         0.000000    
    m12_pdep_c     1.318520297501624         1.000000         0.000000    
  m12_pdep_sca     5.286352378931830         1.000000         0.000000    
  tmax_wet_add     5.524617536855794         1.000000         0.000000    
  tmax_dry_add     8.000000000000000         1.000000         0.000000    
  tmin_wet_add    0.8257630242753764         1.000000         0.000000    
  tmin_dry_add    0.8310800654325752         1.000000         0.000000    
    ev_2yr_max     163.0786987124333         1.000000         0.000000    
    ev_5yr_max     250.0000000000000         1.000000         0.000000    
   ev_10yr_max     259.2213325613568         1.000000         0.000000    
   ev_25yr_max     295.0688467067946         1.000000         0.000000    
   ev_50yr_max     422.3049794188666         1.000000         0.000000    
  ev_100yr_max     499.1576927308558         1.000000         0.000000    
