  double point
    m1_drysl_n     3.790181482362350         1.000000         0.000000    
    m1_drysl_p    0.2885691548740135         1.000000         0.000000    
    m2_drysl_n     5.174467499099766         1.000000         0.000000    
    m2_drysl_p    0.1880514971586596         1.000000         0.000000    
    m3_drysl_n     3.197649337261313         1.000000         0.000000    
    m3_drysl_p    0.3540233308540961         1.000000         0.000000    
    m4_drysl_n     2.500000000000000         1.000000         0.000000    
    m4_drysl_p    0.3397336652669280         1.000000         0.000000    
    m5_drysl_n     6.772020420539480         1.000000         0.000000    
    m5_drysl_p    0.3392779885009719         1.000000         0.000000    
    m6_drysl_n     5.439974594382614         1.000000         0.000000    
    m6_drysl_p    0.3020641619301636         1.000000         0.000000    
    m7_drysl_n     6.090389305854374         1.000000         0.000000    
    m7_drysl_p    0.3637757196006433         1.000000         0.000000    
    m8_drysl_n     3.213981720498469         1.000000         0.000000    
    m8_drysl_p    0.5141505531233628         1.000000         0.000000    
    m9_drysl_n     3.791681607690385         1.000000         0.000000    
    m9_drysl_p    0.2524134932970206         1.000000         0.000000    
   m10_drysl_n     4.770300888006634         1.000000         0.000000    
   m10_drysl_p    0.2175938870471790         1.000000         0.000000    
   m11_drysl_n     3.000000000000000         1.000000         0.000000    
   m11_drysl_p    0.1766012500693149         1.000000         0.000000    
   m12_drysl_n     3.654129431994489         1.000000         0.000000    
   m12_drysl_p    0.3949681830010041         1.000000         0.000000    
    m1_wetsl_n     4.872193874101646         1.000000         0.000000    
    m1_wetsl_p    0.6044380145484592         1.000000         0.000000    
    m2_wetsl_n     2.161345963742213         1.000000         0.000000    
    m2_wetsl_p    0.6308929202275508         1.000000         0.000000    
    m3_wetsl_n     1.593284679796201         1.000000         0.000000    
    m3_wetsl_p    0.4666865940059044         1.000000         0.000000    
    m4_wetsl_n     2.368981282025571         1.000000         0.000000    
    m4_wetsl_p    0.6285465138052446         1.000000         0.000000    
    m5_wetsl_n     3.599867191691955         1.000000         0.000000    
    m5_wetsl_p    0.5246103439546480         1.000000         0.000000    
    m6_wetsl_n     2.813640784536197         1.000000         0.000000    
    m6_wetsl_p    0.3579075787354139         1.000000         0.000000    
    m7_wetsl_n     1.773475689949307         1.000000         0.000000    
    m7_wetsl_p    0.4194130550832893         1.000000         0.000000    
    m8_wetsl_n     1.708177169330607         1.000000         0.000000    
    m8_wetsl_p    0.6059646869347494         1.000000         0.000000    
    m9_wetsl_n     2.476337983814686         1.000000         0.000000    
    m9_wetsl_p    0.3412650668817272         1.000000         0.000000    
   m10_wetsl_n     2.519770978482347         1.000000         0.000000    
   m10_wetsl_p    0.5287248108148100         1.000000         0.000000    
   m11_wetsl_n     2.141811615262282         1.000000         0.000000    
   m11_wetsl_p    0.6104491368190654         1.000000         0.000000    
   m12_wetsl_n     2.429688891161391         1.000000         0.000000    
   m12_wetsl_p    0.6878490099387422         1.000000         0.000000    
     m1_pdep_a    0.7929208883086358         1.000000         0.000000    
     m1_pdep_c     1.348371424602030         1.000000         0.000000    
   m1_pdep_sca     5.397801076289334         1.000000         0.000000    
     m2_pdep_a     1.028380186604692         1.000000         0.000000    
     m2_pdep_c     1.384030081175227         1.000000         0.000000    
   m2_pdep_sca     6.272262153733040         1.000000         0.000000    
     m3_pdep_a     1.109525003250556         1.000000         0.000000    
     m3_pdep_c     1.295076638435226         1.000000         0.000000    
   m3_pdep_sca     8.696611973708684         1.000000         0.000000    
     m4_pdep_a     1.100587807843035         1.000000         0.000000    
     m4_pdep_c     1.234352031859039         1.000000         0.000000    
   m4_pdep_sca     7.166313865064116         1.000000         0.000000    
     m5_pdep_a     1.169753040002509         1.000000         0.000000    
     m5_pdep_c     1.612624340284856         1.000000         0.000000    
   m5_pdep_sca     7.561144487355744         1.000000         0.000000    
     m6_pdep_a     1.486792871061536         1.000000         0.000000    
     m6_pdep_c     1.392832039742012         1.000000         0.000000    
   m6_pdep_sca     10.45923268497752         1.000000         0.000000    
     m7_pdep_a     1.038009412401667         1.000000         0.000000    
     m7_pdep_c     1.493977286772722         1.000000         0.000000    
   m7_pdep_sca     9.895122915165692         1.000000         0.000000    
     m8_pdep_a    0.8471816835860476         1.000000         0.000000    
     m8_pdep_c     1.606711785558349         1.000000         0.000000    
   m8_pdep_sca     8.567933943192132         1.000000         0.000000    
     m9_pdep_a     1.124537496243925         1.000000         0.000000    
     m9_pdep_c     1.432987668102489         1.000000         0.000000    
   m9_pdep_sca     10.03801988765173         1.000000         0.000000    
    m10_pdep_a     1.591678521042560         1.000000         0.000000    
    m10_pdep_c     1.291561677657892         1.000000         0.000000    
  m10_pdep_sca     10.00000000000000         1.000000         0.000000    
    m11_pdep_a    0.8050634568889986         1.000000         0.000000    
    m11_pdep_c     1.396829606024511         1.000000         0.000000    
  m11_pdep_sca     6.918230229498412         1.000000         0.000000    
    m12_pdep_a    0.8056378314191058         1.000000         0.000000    
    m12_pdep_c     1.337729958766528         1.000000         0.000000    
  m12_pdep_sca     5.611063737079760         1.000000         0.000000    
  tmax_wet_add     5.320279356168166         1.000000         0.000000    
  tmax_dry_add     7.111211767401008         1.000000         0.000000    
  tmin_wet_add    0.8553802422274228         1.000000         0.000000    
  tmin_dry_add    0.8553242929606504         1.000000         0.000000    
    ev_2yr_max     155.1089022059936         1.000000         0.000000    
    ev_5yr_max     250.0000000000000         1.000000         0.000000    
   ev_10yr_max     252.0239997099458         1.000000         0.000000    
   ev_25yr_max     284.9238790463976         1.000000         0.000000    
   ev_50yr_max     419.0469891376835         1.000000         0.000000    
  ev_100yr_max     509.0996282109630         1.000000         0.000000    
