  double point
    m1_drysl_n     3.827692390954829         1.000000         0.000000    
    m1_drysl_p    0.2833830808096543         1.000000         0.000000    
    m2_drysl_n     5.431072378965404         1.000000         0.000000    
    m2_drysl_p    0.2260817632002613         1.000000         0.000000    
    m3_drysl_n     3.475254898014449         1.000000         0.000000    
    m3_drysl_p    0.3698174926380662         1.000000         0.000000    
    m4_drysl_n     3.045066216074454         1.000000         0.000000    
    m4_drysl_p    0.3923204628330379         1.000000         0.000000    
    m5_drysl_n     6.746541392361880         1.000000         0.000000    
    m5_drysl_p    0.3615870457890824         1.000000         0.000000    
    m6_drysl_n     5.117208243724438         1.000000         0.000000    
    m6_drysl_p    0.3365797153287059         1.000000         0.000000    
    m7_drysl_n     5.928458475239302         1.000000         0.000000    
    m7_drysl_p    0.3633211627112538         1.000000         0.000000    
    m8_drysl_n     3.150113867209728         1.000000         0.000000    
    m8_drysl_p    0.5018974346087636         1.000000         0.000000    
    m9_drysl_n     3.573550906550478         1.000000         0.000000    
    m9_drysl_p    0.2581335962555354         1.000000         0.000000    
   m10_drysl_n     4.433642531945357         1.000000         0.000000    
   m10_drysl_p    0.1920310636056329         1.000000         0.000000    
   m11_drysl_n     3.730287343667611         1.000000         0.000000    
   m11_drysl_p    0.1678938808272573         1.000000         0.000000    
   m12_drysl_n     4.103878828413991         1.000000         0.000000    
   m12_drysl_p    0.3897912057973263         1.000000         0.000000    
    m1_wetsl_n     4.488000274705559         1.000000         0.000000    
    m1_wetsl_p    0.5390761079243620         1.000000         0.000000    
    m2_wetsl_n     2.179856387830733         1.000000         0.000000    
    m2_wetsl_p    0.7004645433291752         1.000000         0.000000    
    m3_wetsl_n     1.661162318366595         1.000000         0.000000    
    m3_wetsl_p    0.4110738190189140         1.000000         0.000000    
    m4_wetsl_n     2.597763307330671         1.000000         0.000000    
    m4_wetsl_p    0.5569869242888316         1.000000         0.000000    
    m5_wetsl_n     3.780728474963565         1.000000         0.000000    
    m5_wetsl_p    0.5568102651312484         1.000000         0.000000    
    m6_wetsl_n     3.040622536869659         1.000000         0.000000    
    m6_wetsl_p    0.4226562305566553         1.000000         0.000000    
    m7_wetsl_n     1.990205359138526         1.000000         0.000000    
    m7_wetsl_p    0.4198346640642217         1.000000         0.000000    
    m8_wetsl_n     1.525555029281842         1.000000         0.000000    
    m8_wetsl_p    0.5393947094149876         1.000000         0.000000    
    m9_wetsl_n     2.521120690176022         1.000000         0.000000    
    m9_wetsl_p    0.3498211869118682         1.000000         0.000000    
   m10_wetsl_n     2.262994443731137         1.000000         0.000000    
   m10_wetsl_p    0.5368445190325158         1.000000         0.000000    
   m11_wetsl_n     1.974216917360072         1.000000         0.000000    
   m11_wetsl_p    0.6693232185657008         1.000000         0.000000    
   m12_wetsl_n     2.330086458105206         1.000000         0.000000    
   m12_wetsl_p    0.7063361487764358         1.000000         0.000000    
     m1_pdep_a    0.8476783900561514         1.000000         0.000000    
     m1_pdep_c     1.369914596834996         1.000000         0.000000    
   m1_pdep_sca     5.766573565002244         1.000000         0.000000    
     m2_pdep_a     1.013884450901211         1.000000         0.000000    
     m2_pdep_c     1.409175940610314         1.000000         0.000000    
   m2_pdep_sca     6.317731840148674         1.000000         0.000000    
     m3_pdep_a     1.202722433770511         1.000000         0.000000    
     m3_pdep_c     1.299619710442357         1.000000         0.000000    
   m3_pdep_sca     9.110083407000778         1.000000         0.000000    
     m4_pdep_a     1.166148555680612         1.000000         0.000000    
     m4_pdep_c     1.194000931615235         1.000000         0.000000    
   m4_pdep_sca     7.288603356476434         1.000000         0.000000    
     m5_pdep_a     1.223695416588134         1.000000         0.000000    
     m5_pdep_c     1.610465602394342         1.000000         0.000000    
   m5_pdep_sca     7.794875366224116         1.000000         0.000000    
     m6_pdep_a     1.519203745522942         1.000000         0.000000    
     m6_pdep_c     1.319704768321022         1.000000         0.000000    
   m6_pdep_sca     11.13884989133169         1.000000         0.000000    
     m7_pdep_a     1.024467179465048         1.000000         0.000000    
     m7_pdep_c     1.521104281673987         1.000000         0.000000    
   m7_pdep_sca     10.05887738209861         1.000000         0.000000    
     m8_pdep_a    0.9389925873694556         1.000000         0.000000    
     m8_pdep_c     1.633550608667177         1.000000         0.000000    
   m8_pdep_sca     9.590495757865338         1.000000         0.000000    
     m9_pdep_a     1.128796341255857         1.000000         0.000000    
     m9_pdep_c     1.456575266455255         1.000000         0.000000    
   m9_pdep_sca     9.946951325705818         1.000000         0.000000    
    m10_pdep_a     1.478347575636011         1.000000         0.000000    
    m10_pdep_c     1.277868072090102         1.000000         0.000000    
  m10_pdep_sca     9.824899313877422         1.000000         0.000000    
    m11_pdep_a    0.7795128640799368         1.000000         0.000000    
    m11_pdep_c     1.371586684130168         1.000000         0.000000    
  m11_pdep_sca     6.811991864890718         1.000000         0.000000    
    m12_pdep_a    0.8117581657260260         1.000000         0.000000    
    m12_pdep_c     1.332990135182247         1.000000         0.000000    
  m12_pdep_sca     5.239487053100812         1.000000         0.000000    
  tmax_wet_add     5.147570603845456         1.000000         0.000000    
  tmax_dry_add     7.179991175503242         1.000000         0.000000    
  tmin_wet_add    0.8372926208119018         1.000000         0.000000    
  tmin_dry_add    0.8563813802769066         1.000000         0.000000    
    ev_2yr_max     158.3110069981192         1.000000         0.000000    
    ev_5yr_max     225.2933702506887         1.000000         0.000000    
   ev_10yr_max     258.6121127644105         1.000000         0.000000    
   ev_25yr_max     295.0684483839654         1.000000         0.000000    
   ev_50yr_max     431.3077095997755         1.000000         0.000000    
  ev_100yr_max     505.6948838934978         1.000000         0.000000    
