  double point
    m1_drysl_n     3.501605917510033         1.000000         0.000000    
    m1_drysl_p    0.3366499191594062         1.000000         0.000000    
    m2_drysl_n     5.184066480542836         1.000000         0.000000    
    m2_drysl_p    0.1662888843175642         1.000000         0.000000    
    m3_drysl_n     3.289123474404067         1.000000         0.000000    
    m3_drysl_p    0.4669919419767528         1.000000         0.000000    
    m4_drysl_n     2.500000000000000         1.000000         0.000000    
    m4_drysl_p    0.3440511978740193         1.000000         0.000000    
    m5_drysl_n     6.071205219637568         1.000000         0.000000    
    m5_drysl_p    0.3148675448264468         1.000000         0.000000    
    m6_drysl_n     4.815137772933390         1.000000         0.000000    
    m6_drysl_p    0.3047337500796121         1.000000         0.000000    
    m7_drysl_n     6.958242648760296         1.000000         0.000000    
    m7_drysl_p    0.3222360064942200         1.000000         0.000000    
    m8_drysl_n     2.531647955103439         1.000000         0.000000    
    m8_drysl_p    0.5500000000000000         1.000000         0.000000    
    m9_drysl_n     3.000000000000000         1.000000         0.000000    
    m9_drysl_p    0.2009189340462274         1.000000         0.000000    
   m10_drysl_n     4.979583211786568         1.000000         0.000000    
   m10_drysl_p    0.2239539692501011         1.000000         0.000000    
   m11_drysl_n     3.177340932630381         1.000000         0.000000    
   m11_drysl_p    0.1574619830890345         1.000000         0.000000    
   m12_drysl_n     3.238967311333946         1.000000         0.000000    
   m12_drysl_p    0.4723063205452868         1.000000         0.000000    
    m1_wetsl_n     4.128798243711389         1.000000         0.000000    
    m1_wetsl_p    0.5745686173369864         1.000000         0.000000    
    m2_wetsl_n     2.758503637066464         1.000000         0.000000    
    m2_wetsl_p    0.7791685600340230         1.000000         0.000000    
    m3_wetsl_n     2.215826255401915         1.000000         0.000000    
    m3_wetsl_p    0.5186182102804840         1.000000         0.000000    
    m4_wetsl_n     2.869991028099904         1.000000         0.000000    
    m4_wetsl_p    0.6739318211574176         1.000000         0.000000    
    m5_wetsl_n     3.884262160974557         1.000000         0.000000    
    m5_wetsl_p    0.5449186359007642         1.000000         0.000000    
    m6_wetsl_n     3.177646039463023         1.000000         0.000000    
    m6_wetsl_p    0.3925383980953268         1.000000         0.000000    
    m7_wetsl_n     1.497842885735523         1.000000         0.000000    
    m7_wetsl_p    0.3468858563015942         1.000000         0.000000    
    m8_wetsl_n     1.091910339795442         1.000000         0.000000    
    m8_wetsl_p    0.4416377523884613         1.000000         0.000000    
    m9_wetsl_n     2.237601018720186         1.000000         0.000000    
    m9_wetsl_p    0.3073927144358665         1.000000         0.000000    
   m10_wetsl_n     2.707534717488421         1.000000         0.000000    
   m10_wetsl_p    0.5206688072266190         1.000000         0.000000    
   m11_wetsl_n     2.389189982482549         1.000000         0.000000    
   m11_wetsl_p    0.6950180850600726         1.000000         0.000000    
   m12_wetsl_n     3.253597068240374         1.000000         0.000000    
   m12_wetsl_p    0.6565415000284840         1.000000         0.000000    
     m1_pdep_a    0.7454465477550128         1.000000         0.000000    
     m1_pdep_c     1.316444255197120         1.000000         0.000000    
   m1_pdep_sca     5.730116886223030         1.000000         0.000000    
     m2_pdep_a     1.076805970167109         1.000000         0.000000    
     m2_pdep_c     1.410146500451674         1.000000         0.000000    
   m2_pdep_sca     6.979842942350968         1.000000         0.000000    
     m3_pdep_a     1.334306931910491         1.000000         0.000000    
     m3_pdep_c     1.243420794723613         1.000000         0.000000    
   m3_pdep_sca     9.445404721505086         1.000000         0.000000    
     m4_pdep_a     1.307999721965959         1.000000         0.000000    
     m4_pdep_c     1.194785619131917         1.000000         0.000000    
   m4_pdep_sca     7.867573701972114         1.000000         0.000000    
     m5_pdep_a     1.120198946835361         1.000000         0.000000    
     m5_pdep_c     1.635628370706010         1.000000         0.000000    
   m5_pdep_sca     6.949813979400344         1.000000         0.000000    
     m6_pdep_a     1.600000000000000         1.000000         0.000000    
     m6_pdep_c     1.364081918876445         1.000000         0.000000    
   m6_pdep_sca     10.99034043749953         1.000000         0.000000    
     m7_pdep_a     1.093107970443279         1.000000         0.000000    
     m7_pdep_c     1.547370757619612         1.000000         0.000000    
   m7_pdep_sca     10.88655566256303         1.000000         0.000000    
     m8_pdep_a    0.8838464884576280         1.000000         0.000000    
     m8_pdep_c     1.800131791011618         1.000000         0.000000    
   m8_pdep_sca     8.957045674000534         1.000000         0.000000    
     m9_pdep_a     1.481065248203688         1.000000         0.000000    
     m9_pdep_c     1.488816859756280         1.000000         0.000000    
   m9_pdep_sca     10.82026392422729         1.000000         0.000000    
    m10_pdep_a     1.600000000000000         1.000000         0.000000    
    m10_pdep_c     1.338759604626117         1.000000         0.000000    
  m10_pdep_sca     10.00000000000000         1.000000         0.000000    
    m11_pdep_a    0.7657349528419384         1.000000         0.000000    
    m11_pdep_c     1.477793266613445         1.000000         0.000000    
  m11_pdep_sca     6.985826524808912         1.000000         0.000000    
    m12_pdep_a    0.8251251418303616         1.000000         0.000000    
    m12_pdep_c     1.265129356332888         1.000000         0.000000    
  m12_pdep_sca     5.728029122926214         1.000000         0.000000    
  tmax_wet_add     6.923498211263358         1.000000         0.000000    
  tmax_dry_add     8.000000000000000         1.000000         0.000000    
  tmin_wet_add    0.9279728175558450         1.000000         0.000000    
  tmin_dry_add    0.8799171380943790         1.000000         0.000000    
    ev_2yr_max     170.5560502589862         1.000000         0.000000    
    ev_5yr_max     250.0000000000000         1.000000         0.000000    
   ev_10yr_max     291.8101832824848         1.000000         0.000000    
   ev_25yr_max     319.5495576499549         1.000000         0.000000    
   ev_50yr_max     455.4028817464568         1.000000         0.000000    
  ev_100yr_max     476.3970716976496         1.000000         0.000000    
