  double point
    m1_drysl_n     3.084460000000000         1.000000         0.000000    
    m1_drysl_p    0.2384300000000000         1.000000         0.000000    
    m2_drysl_n     5.728710000000000         1.000000         0.000000    
    m2_drysl_p    0.2346500000000000         1.000000         0.000000    
    m3_drysl_n     2.799350000000000         1.000000         0.000000    
    m3_drysl_p    0.2647000000000000         1.000000         0.000000    
    m4_drysl_n     2.745980000000000         1.000000         0.000000    
    m4_drysl_p    0.1507500000000000         1.000000         0.000000    
    m5_drysl_n     2.973420000000000         1.000000         0.000000    
    m5_drysl_p    0.4156900000000000         1.000000         0.000000    
    m6_drysl_n     6.356770000000000         1.000000         0.000000    
    m6_drysl_p    0.3805200000000000         1.000000         0.000000    
    m7_drysl_n     7.000000000000000         1.000000         0.000000    
    m7_drysl_p    0.1641900000000000         1.000000         0.000000    
    m8_drysl_n     2.814080000000000         1.000000         0.000000    
    m8_drysl_p    0.1542000000000000         1.000000         0.000000    
    m9_drysl_n     7.000000000000000         1.000000         0.000000    
    m9_drysl_p    0.1492400000000000         1.000000         0.000000    
   m10_drysl_n     2.768080000000000         1.000000         0.000000    
   m10_drysl_p    0.5124300000000002         1.000000         0.000000    
   m11_drysl_n     5.218570000000000         1.000000         0.000000    
   m11_drysl_p    0.1580800000000000         1.000000         0.000000    
   m12_drysl_n     5.917210000000000         1.000000         0.000000    
   m12_drysl_p    0.1300000000000000         1.000000         0.000000    
    m1_wetsl_n     4.331640000000000         1.000000         0.000000    
    m1_wetsl_p    0.3348200000000000         1.000000         0.000000    
    m2_wetsl_n     5.000000000000000         1.000000         0.000000    
    m2_wetsl_p    0.6982900000000000         1.000000         0.000000    
    m3_wetsl_n     5.000000000000000         1.000000         0.000000    
    m3_wetsl_p    0.3953200000000000         1.000000         0.000000    
    m4_wetsl_n     3.486930000000000         1.000000         0.000000    
    m4_wetsl_p    0.6663300000000000         1.000000         0.000000    
    m5_wetsl_n    0.8867900000000000         1.000000         0.000000    
    m5_wetsl_p    0.2510800000000001         1.000000         0.000000    
    m6_wetsl_n     4.749070000000000         1.000000         0.000000    
    m6_wetsl_p    0.4070000000000000         1.000000         0.000000    
    m7_wetsl_n     3.728820000000000         1.000000         0.000000    
    m7_wetsl_p    0.2500000000000000         1.000000         0.000000    
    m8_wetsl_n     4.508400000000000         1.000000         0.000000    
    m8_wetsl_p    0.3121600000000000         1.000000         0.000000    
    m9_wetsl_n    0.9312100000000000         1.000000         0.000000    
    m9_wetsl_p    0.6788200000000000         1.000000         0.000000    
   m10_wetsl_n     3.872950000000000         1.000000         0.000000    
   m10_wetsl_p    0.2993500000000000         1.000000         0.000000    
   m11_wetsl_n     5.000000000000000         1.000000         0.000000    
   m11_wetsl_p    0.8000000000000000         1.000000         0.000000    
   m12_wetsl_n    0.8614600000000000         1.000000         0.000000    
   m12_wetsl_p    0.8000000000000000         1.000000         0.000000    
     m1_pdep_a     1.669780000000000         1.000000         0.000000    
     m1_pdep_c    0.7000000000000000         1.000000         0.000000    
   m1_pdep_sca     5.537450000000000         1.000000         0.000000    
     m2_pdep_a    0.7847200000000000         1.000000         0.000000    
     m2_pdep_c     2.594560000000000         1.000000         0.000000    
   m2_pdep_sca     11.38800000000000         1.000000         0.000000    
     m3_pdep_a     1.436390000000000         1.000000         0.000000    
     m3_pdep_c     2.379030000000000         1.000000         0.000000    
   m3_pdep_sca     4.880470000000000         1.000000         0.000000    
     m4_pdep_a     1.698210000000000         1.000000         0.000000    
     m4_pdep_c     2.376170000000000         1.000000         0.000000    
   m4_pdep_sca     5.512020000000000         1.000000         0.000000    
     m5_pdep_a    0.7897400000000000         1.000000         0.000000    
     m5_pdep_c     2.583850000000000         1.000000         0.000000    
   m5_pdep_sca     11.66110000000000         1.000000         0.000000    
     m6_pdep_a    0.7186000000000000         1.000000         0.000000    
     m6_pdep_c    0.8055300000000000         1.000000         0.000000    
   m6_pdep_sca     4.954060000000000         1.000000         0.000000    
     m7_pdep_a    0.7896200000000000         1.000000         0.000000    
     m7_pdep_c    0.7424900000000000         1.000000         0.000000    
   m7_pdep_sca     9.182950000000000         1.000000         0.000000    
     m8_pdep_a     1.463960000000000         1.000000         0.000000    
     m8_pdep_c    0.7571600000000002         1.000000         0.000000    
   m8_pdep_sca     10.26520000000000         1.000000         0.000000    
     m9_pdep_a     1.547300000000000         1.000000         0.000000    
     m9_pdep_c    0.6915700000000000         1.000000         0.000000    
   m9_pdep_sca     11.30650000000000         1.000000         0.000000    
    m10_pdep_a     1.444840000000000         1.000000         0.000000    
    m10_pdep_c    0.6081600000000000         1.000000         0.000000    
  m10_pdep_sca     6.010950000000000         1.000000         0.000000    
    m11_pdep_a     1.304270000000000         1.000000         0.000000    
    m11_pdep_c    0.7910600000000000         1.000000         0.000000    
  m11_pdep_sca     9.489570000000000         1.000000         0.000000    
    m12_pdep_a     1.417460000000000         1.000000         0.000000    
    m12_pdep_c     2.498440000000000         1.000000         0.000000    
  m12_pdep_sca     4.626250000000000         1.000000         0.000000    
  tmax_wet_add     5.794700000000000         1.000000         0.000000    
  tmax_dry_add     5.998720000000000         1.000000         0.000000    
  tmin_wet_add     2.141640000000000         1.000000         0.000000    
  tmin_dry_add     2.129330000000000         1.000000         0.000000    
    ev_2yr_max     201.7600000000000         1.000000         0.000000    
    ev_5yr_max     140.0000000000000         1.000000         0.000000    
   ev_10yr_max     300.7600000000000         1.000000         0.000000    
   ev_25yr_max     354.3400000000000         1.000000         0.000000    
   ev_50yr_max     465.6500000000000         1.000000         0.000000    
  ev_100yr_max     526.3100000000000         1.000000         0.000000    
