  double point
    m1_drysl_n     3.740777923199010         1.000000         0.000000    
    m1_drysl_p    0.3249969568679143         1.000000         0.000000    
    m2_drysl_n     5.574998597136796         1.000000         0.000000    
    m2_drysl_p    0.2024371580290416         1.000000         0.000000    
    m3_drysl_n     3.635957054530490         1.000000         0.000000    
    m3_drysl_p    0.4189167334469213         1.000000         0.000000    
    m4_drysl_n     2.500000000000000         1.000000         0.000000    
    m4_drysl_p    0.2918511992496175         1.000000         0.000000    
    m5_drysl_n     6.222437117783766         1.000000         0.000000    
    m5_drysl_p    0.3349475643263091         1.000000         0.000000    
    m6_drysl_n     6.576672755838162         1.000000         0.000000    
    m6_drysl_p    0.3247584415632807         1.000000         0.000000    
    m7_drysl_n     6.257843561612704         1.000000         0.000000    
    m7_drysl_p    0.3623641318953476         1.000000         0.000000    
    m8_drysl_n     3.325060348161774         1.000000         0.000000    
    m8_drysl_p    0.5072630161715434         1.000000         0.000000    
    m9_drysl_n     3.709588026884284         1.000000         0.000000    
    m9_drysl_p    0.2446541390233758         1.000000         0.000000    
   m10_drysl_n     5.369718054868170         1.000000         0.000000    
   m10_drysl_p    0.2119402142967543         1.000000         0.000000    
   m11_drysl_n     3.432215392353454         1.000000         0.000000    
   m11_drysl_p    0.1674967802614759         1.000000         0.000000    
   m12_drysl_n     3.569966023772638         1.000000         0.000000    
   m12_drysl_p    0.3462477135588231         1.000000         0.000000    
    m1_wetsl_n     4.597905412516718         1.000000         0.000000    
    m1_wetsl_p    0.5305756879496768         1.000000         0.000000    
    m2_wetsl_n     2.130935212019002         1.000000         0.000000    
    m2_wetsl_p    0.7514410461848200         1.000000         0.000000    
    m3_wetsl_n     1.764357052432383         1.000000         0.000000    
    m3_wetsl_p    0.4553070425809920         1.000000         0.000000    
    m4_wetsl_n     2.713924404763747         1.000000         0.000000    
    m4_wetsl_p    0.6259102385237850         1.000000         0.000000    
    m5_wetsl_n     3.408502140478791         1.000000         0.000000    
    m5_wetsl_p    0.5578382432867716         1.000000         0.000000    
    m6_wetsl_n     3.195005890179601         1.000000         0.000000    
    m6_wetsl_p    0.3384828818564932         1.000000         0.000000    
    m7_wetsl_n     2.105870837465084         1.000000         0.000000    
    m7_wetsl_p    0.4446679798931848         1.000000         0.000000    
    m8_wetsl_n     1.567762775253444         1.000000         0.000000    
    m8_wetsl_p    0.5271015203701312         1.000000         0.000000    
    m9_wetsl_n     2.590762396982343         1.000000         0.000000    
    m9_wetsl_p    0.3242143927492383         1.000000         0.000000    
   m10_wetsl_n     2.288350662340187         1.000000         0.000000    
   m10_wetsl_p    0.5362206280064838         1.000000         0.000000    
   m11_wetsl_n     2.026163271166753         1.000000         0.000000    
   m11_wetsl_p    0.6736758452568744         1.000000         0.000000    
   m12_wetsl_n     2.072702200963381         1.000000         0.000000    
   m12_wetsl_p    0.7674020050649906         1.000000         0.000000    
     m1_pdep_a    0.7965001452029394         1.000000         0.000000    
     m1_pdep_c     1.381951230139294         1.000000         0.000000    
   m1_pdep_sca     5.491626186645594         1.000000         0.000000    
     m2_pdep_a     1.072480964462015         1.000000         0.000000    
     m2_pdep_c     1.426195277541088         1.000000         0.000000    
   m2_pdep_sca     6.382969242126650         1.000000         0.000000    
     m3_pdep_a     1.230354530867675         1.000000         0.000000    
     m3_pdep_c     1.232827183337322         1.000000         0.000000    
   m3_pdep_sca     8.972562680855392         1.000000         0.000000    
     m4_pdep_a     1.158584724452124         1.000000         0.000000    
     m4_pdep_c     1.177691318514651         1.000000         0.000000    
   m4_pdep_sca     7.145902999683076         1.000000         0.000000    
     m5_pdep_a     1.187092247348352         1.000000         0.000000    
     m5_pdep_c     1.523687150096653         1.000000         0.000000    
   m5_pdep_sca     7.653922255320344         1.000000         0.000000    
     m6_pdep_a     1.493464309801131         1.000000         0.000000    
     m6_pdep_c     1.422004737427071         1.000000         0.000000    
   m6_pdep_sca     10.23688117879416         1.000000         0.000000    
     m7_pdep_a     1.043953881885999         1.000000         0.000000    
     m7_pdep_c     1.490334982619947         1.000000         0.000000    
   m7_pdep_sca     9.938928950793744         1.000000         0.000000    
     m8_pdep_a    0.8472653844734380         1.000000         0.000000    
     m8_pdep_c     1.655370807853825         1.000000         0.000000    
   m8_pdep_sca     8.356317124525122         1.000000         0.000000    
     m9_pdep_a     1.123644843965409         1.000000         0.000000    
     m9_pdep_c     1.405264879138407         1.000000         0.000000    
   m9_pdep_sca     10.33846070855050         1.000000         0.000000    
    m10_pdep_a     1.600000000000000         1.000000         0.000000    
    m10_pdep_c     1.290858228150316         1.000000         0.000000    
  m10_pdep_sca     10.00000000000000         1.000000         0.000000    
    m11_pdep_a    0.8470952384546920         1.000000         0.000000    
    m11_pdep_c     1.384754227935993         1.000000         0.000000    
  m11_pdep_sca     7.058726331526518         1.000000         0.000000    
    m12_pdep_a    0.7632168566732558         1.000000         0.000000    
    m12_pdep_c     1.344801150324949         1.000000         0.000000    
  m12_pdep_sca     5.611836639914578         1.000000         0.000000    
  tmax_wet_add     5.032641648009198         1.000000         0.000000    
  tmax_dry_add     7.003640577461118         1.000000         0.000000    
  tmin_wet_add    0.8771622493324812         1.000000         0.000000    
  tmin_dry_add    0.9207373933390424         1.000000         0.000000    
    ev_2yr_max     155.6121025105842         1.000000         0.000000    
    ev_5yr_max     250.0000000000000         1.000000         0.000000    
   ev_10yr_max     260.3631051404210         1.000000         0.000000    
   ev_25yr_max     286.7491007233371         1.000000         0.000000    
   ev_50yr_max     419.8114118549458         1.000000         0.000000    
  ev_100yr_max     515.5074401622208         1.000000         0.000000    
