  double point
    m1_drysl_n     3.828653394248433         1.000000         0.000000    
    m1_drysl_p    0.2904762215286570         1.000000         0.000000    
    m2_drysl_n     4.764543640630750         1.000000         0.000000    
    m2_drysl_p    0.2055881327426108         1.000000         0.000000    
    m3_drysl_n     3.242510379730563         1.000000         0.000000    
    m3_drysl_p    0.3584079674658192         1.000000         0.000000    
    m4_drysl_n     2.958454781654550         1.000000         0.000000    
    m4_drysl_p    0.3376795760189228         1.000000         0.000000    
    m5_drysl_n     6.610639936009604         1.000000         0.000000    
    m5_drysl_p    0.3283596228066935         1.000000         0.000000    
    m6_drysl_n     5.323419229586656         1.000000         0.000000    
    m6_drysl_p    0.3020494227259420         1.000000         0.000000    
    m7_drysl_n     5.971218175944210         1.000000         0.000000    
    m7_drysl_p    0.4135764446502964         1.000000         0.000000    
    m8_drysl_n     3.138454245888752         1.000000         0.000000    
    m8_drysl_p    0.5012462092436358         1.000000         0.000000    
    m9_drysl_n     3.383820330270589         1.000000         0.000000    
    m9_drysl_p    0.2574462019304237         1.000000         0.000000    
   m10_drysl_n     4.630065115165784         1.000000         0.000000    
   m10_drysl_p    0.1762698829006547         1.000000         0.000000    
   m11_drysl_n     3.154756397472413         1.000000         0.000000    
   m11_drysl_p    0.1927395071343758         1.000000         0.000000    
   m12_drysl_n     4.085801018542923         1.000000         0.000000    
   m12_drysl_p    0.4201343011310370         1.000000         0.000000    
    m1_wetsl_n     4.558382962469758         1.000000         0.000000    
    m1_wetsl_p    0.5635465145558790         1.000000         0.000000    
    m2_wetsl_n     2.042792646607727         1.000000         0.000000    
    m2_wetsl_p    0.6713226254049920         1.000000         0.000000    
    m3_wetsl_n     1.697089614072221         1.000000         0.000000    
    m3_wetsl_p    0.4568601789393538         1.000000         0.000000    
    m4_wetsl_n     2.808609594735905         1.000000         0.000000    
    m4_wetsl_p    0.5628805811292324         1.000000         0.000000    
    m5_wetsl_n     3.669244341939914         1.000000         0.000000    
    m5_wetsl_p    0.5233076065814550         1.000000         0.000000    
    m6_wetsl_n     2.956651211912192         1.000000         0.000000    
    m6_wetsl_p    0.3952125202428632         1.000000         0.000000    
    m7_wetsl_n     1.917186274125454         1.000000         0.000000    
    m7_wetsl_p    0.4120391448114438         1.000000         0.000000    
    m8_wetsl_n     1.729202385537204         1.000000         0.000000    
    m8_wetsl_p    0.5878545012077752         1.000000         0.000000    
    m9_wetsl_n     2.458948567425803         1.000000         0.000000    
    m9_wetsl_p    0.3512935426455051         1.000000         0.000000    
   m10_wetsl_n     2.200032883170959         1.000000         0.000000    
   m10_wetsl_p    0.5844497390359634         1.000000         0.000000    
   m11_wetsl_n     1.909126186603285         1.000000         0.000000    
   m11_wetsl_p    0.5918643624368618         1.000000         0.000000    
   m12_wetsl_n     2.194413600779789         1.000000         0.000000    
   m12_wetsl_p    0.6867315625618914         1.000000         0.000000    
     m1_pdep_a    0.8292333584628184         1.000000         0.000000    
     m1_pdep_c     1.375751646548801         1.000000         0.000000    
   m1_pdep_sca     5.835753291294420         1.000000         0.000000    
     m2_pdep_a     1.026114228311398         1.000000         0.000000    
     m2_pdep_c     1.361140070895049         1.000000         0.000000    
   m2_pdep_sca     6.171500760027492         1.000000         0.000000    
     m3_pdep_a     1.170632564518031         1.000000         0.000000    
     m3_pdep_c     1.332417883880119         1.000000         0.000000    
   m3_pdep_sca     8.828219913895232         1.000000         0.000000    
     m4_pdep_a     1.145902037911005         1.000000         0.000000    
     m4_pdep_c     1.180555211846569         1.000000         0.000000    
   m4_pdep_sca     7.537207039460982         1.000000         0.000000    
     m5_pdep_a     1.148848007153241         1.000000         0.000000    
     m5_pdep_c     1.614684239509531         1.000000         0.000000    
   m5_pdep_sca     7.192582641382532         1.000000         0.000000    
     m6_pdep_a     1.600000000000000         1.000000         0.000000    
     m6_pdep_c     1.345482334600400         1.000000         0.000000    
   m6_pdep_sca     12.00000000000000         1.000000         0.000000    
     m7_pdep_a     1.055093973782708         1.000000         0.000000    
     m7_pdep_c     1.535756530597420         1.000000         0.000000    
   m7_pdep_sca     10.37122818809219         1.000000         0.000000    
     m8_pdep_a    0.8798939548554876         1.000000         0.000000    
     m8_pdep_c     1.652109004065138         1.000000         0.000000    
   m8_pdep_sca     8.892499816714038         1.000000         0.000000    
     m9_pdep_a     1.167261383230754         1.000000         0.000000    
     m9_pdep_c     1.411976590350415         1.000000         0.000000    
   m9_pdep_sca     12.00000000000000         1.000000         0.000000    
    m10_pdep_a     1.600000000000000         1.000000         0.000000    
    m10_pdep_c     1.297810558727849         1.000000         0.000000    
  m10_pdep_sca     10.00000000000000         1.000000         0.000000    
    m11_pdep_a    0.8314385926299188         1.000000         0.000000    
    m11_pdep_c     1.390393434061780         1.000000         0.000000    
  m11_pdep_sca     7.286151527710824         1.000000         0.000000    
    m12_pdep_a    0.8138245815575304         1.000000         0.000000    
    m12_pdep_c     1.352092858419400         1.000000         0.000000    
  m12_pdep_sca     5.523792360923190         1.000000         0.000000    
  tmax_wet_add     5.358905500662722         1.000000         0.000000    
  tmax_dry_add     7.420985455243838         1.000000         0.000000    
  tmin_wet_add    0.8366956684783006         1.000000         0.000000    
  tmin_dry_add    0.8758796791255582         1.000000         0.000000    
    ev_2yr_max     158.2011214040169         1.000000         0.000000    
    ev_5yr_max     250.0000000000000         1.000000         0.000000    
   ev_10yr_max     265.7728609092270         1.000000         0.000000    
   ev_25yr_max     290.3528043767288         1.000000         0.000000    
   ev_50yr_max     420.0214614283059         1.000000         0.000000    
  ev_100yr_max     512.4549545087822         1.000000         0.000000    
