  double point
    m1_drysl_n     4.128459360409045         1.000000         0.000000    
    m1_drysl_p    0.2837919289923093         1.000000         0.000000    
    m2_drysl_n     5.265718173405454         1.000000         0.000000    
    m2_drysl_p    0.1970069159562905         1.000000         0.000000    
    m3_drysl_n     3.817495653906875         1.000000         0.000000    
    m3_drysl_p    0.3413168548320703         1.000000         0.000000    
    m4_drysl_n     3.097871489691143         1.000000         0.000000    
    m4_drysl_p    0.3154228521932192         1.000000         0.000000    
    m5_drysl_n     6.534651057188388         1.000000         0.000000    
    m5_drysl_p    0.3166460984565947         1.000000         0.000000    
    m6_drysl_n     5.472874193941606         1.000000         0.000000    
    m6_drysl_p    0.3071757118119164         1.000000         0.000000    
    m7_drysl_n     6.085299062657204         1.000000         0.000000    
    m7_drysl_p    0.3610418972932788         1.000000         0.000000    
    m8_drysl_n     3.057606824160712         1.000000         0.000000    
    m8_drysl_p    0.4844182210951020         1.000000         0.000000    
    m9_drysl_n     4.060470501592422         1.000000         0.000000    
    m9_drysl_p    0.2466128511643998         1.000000         0.000000    
   m10_drysl_n     4.528817499763006         1.000000         0.000000    
   m10_drysl_p    0.2157166804059844         1.000000         0.000000    
   m11_drysl_n     3.377312650836125         1.000000         0.000000    
   m11_drysl_p    0.1710171219441572         1.000000         0.000000    
   m12_drysl_n     4.369109463820790         1.000000         0.000000    
   m12_drysl_p    0.3802447744248852         1.000000         0.000000    
    m1_wetsl_n     4.356163627821460         1.000000         0.000000    
    m1_wetsl_p    0.6688006691830348         1.000000         0.000000    
    m2_wetsl_n     2.282930976508177         1.000000         0.000000    
    m2_wetsl_p    0.6874939392590562         1.000000         0.000000    
    m3_wetsl_n     1.645901764313229         1.000000         0.000000    
    m3_wetsl_p    0.4955621353348984         1.000000         0.000000    
    m4_wetsl_n     2.291162794438903         1.000000         0.000000    
    m4_wetsl_p    0.6879031403501756         1.000000         0.000000    
    m5_wetsl_n     3.624910546552453         1.000000         0.000000    
    m5_wetsl_p    0.5918657263229018         1.000000         0.000000    
    m6_wetsl_n     2.820418690212256         1.000000         0.000000    
    m6_wetsl_p    0.4191310821931794         1.000000         0.000000    
    m7_wetsl_n     1.789005567720359         1.000000         0.000000    
    m7_wetsl_p    0.4647073540133074         1.000000         0.000000    
    m8_wetsl_n     1.789221474283539         1.000000         0.000000    
    m8_wetsl_p    0.6288625070880412         1.000000         0.000000    
    m9_wetsl_n     2.389504477046086         1.000000         0.000000    
    m9_wetsl_p    0.3721916153491064         1.000000         0.000000    
   m10_wetsl_n     2.323075473414931         1.000000         0.000000    
   m10_wetsl_p    0.5621673703528366         1.000000         0.000000    
   m11_wetsl_n     2.136518215336479         1.000000         0.000000    
   m11_wetsl_p    0.6472412726107660         1.000000         0.000000    
   m12_wetsl_n     2.385152481083520         1.000000         0.000000    
   m12_wetsl_p    0.7126395194411822         1.000000         0.000000    
     m1_pdep_a    0.7679515623877258         1.000000         0.000000    
     m1_pdep_c     1.364952504860196         1.000000         0.000000    
   m1_pdep_sca     5.246224242931976         1.000000         0.000000    
     m2_pdep_a    0.9932444191324498         1.000000         0.000000    
     m2_pdep_c     1.391853450425920         1.000000         0.000000    
   m2_pdep_sca     6.104480106103344         1.000000         0.000000    
     m3_pdep_a     1.082059879273105         1.000000         0.000000    
     m3_pdep_c     1.340696308524367         1.000000         0.000000    
   m3_pdep_sca     8.091008120914362         1.000000         0.000000    
     m4_pdep_a     1.047618318553918         1.000000         0.000000    
     m4_pdep_c     1.232068192351620         1.000000         0.000000    
   m4_pdep_sca     6.771822004100686         1.000000         0.000000    
     m5_pdep_a     1.147222805680636         1.000000         0.000000    
     m5_pdep_c     1.604204457107761         1.000000         0.000000    
   m5_pdep_sca     7.290078443844240         1.000000         0.000000    
     m6_pdep_a     1.440592216356894         1.000000         0.000000    
     m6_pdep_c     1.408415610990605         1.000000         0.000000    
   m6_pdep_sca     10.02583295096071         1.000000         0.000000    
     m7_pdep_a     1.006386752893395         1.000000         0.000000    
     m7_pdep_c     1.509236656582419         1.000000         0.000000    
   m7_pdep_sca     9.508316954175482         1.000000         0.000000    
     m8_pdep_a    0.8642490098494158         1.000000         0.000000    
     m8_pdep_c     1.624545274018433         1.000000         0.000000    
   m8_pdep_sca     8.689440525026800         1.000000         0.000000    
     m9_pdep_a     1.072619232301736         1.000000         0.000000    
     m9_pdep_c     1.457313266645617         1.000000         0.000000    
   m9_pdep_sca     9.492978384125492         1.000000         0.000000    
    m10_pdep_a     1.555647451400388         1.000000         0.000000    
    m10_pdep_c     1.298923743636142         1.000000         0.000000    
  m10_pdep_sca     9.640798925349030         1.000000         0.000000    
    m11_pdep_a    0.7766225253900610         1.000000         0.000000    
    m11_pdep_c     1.390250197428879         1.000000         0.000000    
  m11_pdep_sca     6.779705879019698         1.000000         0.000000    
    m12_pdep_a    0.7685726862075082         1.000000         0.000000    
    m12_pdep_c     1.351094057841565         1.000000         0.000000    
  m12_pdep_sca     5.363589029390388         1.000000         0.000000    
  tmax_wet_add     5.116794262007600         1.000000         0.000000    
  tmax_dry_add     6.069547098573634         1.000000         0.000000    
  tmin_wet_add    0.8499020119243158         1.000000         0.000000    
  tmin_dry_add    0.8673081743287436         1.000000         0.000000    
    ev_2yr_max     148.6963349373110         1.000000         0.000000    
    ev_5yr_max     240.3813949000024         1.000000         0.000000    
   ev_10yr_max     252.4510059134694         1.000000         0.000000    
   ev_25yr_max     288.5689817964987         1.000000         0.000000    
   ev_50yr_max     419.6183139795467         1.000000         0.000000    
  ev_100yr_max     506.0534865497088         1.000000         0.000000    
